{
  "nbformat": 4,
  "nbformat_minor": 0,
  "metadata": {
    "colab": {
      "provenance": []
    },
    "kernelspec": {
      "name": "python3",
      "display_name": "Python 3"
    },
    "language_info": {
      "name": "python"
    }
  },
  "cells": [
    {
      "cell_type": "markdown",
      "source": [
        "\n",
        "\n",
        "---\n",
        "\n",
        "\n",
        "Nombre de los integrantes\n",
        "\n",
        "\n",
        "*   Cruz Pérez Joshua Santiago\n",
        "*   Hernández Banda Oziel\n",
        "*   Jimenez Borzani Naomi Daniela\n",
        "*   Paredes Hernández Ximena\n",
        "\n",
        "\n",
        "---\n"
      ],
      "metadata": {
        "id": "dBzZM5yTxLay"
      }
    },
    {
      "cell_type": "markdown",
      "source": [
        "22. Dada la matriz\n",
        "$$\n",
        "A=\\left(\\begin{array}{ccccc}\n",
        "1 & 0 & 0 & 0 & 1 \\\\\n",
        "-1 & 1 & 0 & 0 & 1 \\\\\n",
        "-1 & -1 & 1 & 0 & 1 \\\\\n",
        "-1 & -1 & -1 & 1 & 1 \\\\\n",
        "-1 & -1 & -1 & -1 & 1\n",
        "\\end{array}\\right)\n",
        "$$\n",
        "(a) ¿Qué sucede cuando se usa Eliminación Gaussina con pivoteo parcial?."
      ],
      "metadata": {
        "id": "6I1wopSC50Zs"
      }
    },
    {
      "cell_type": "code",
      "execution_count": null,
      "metadata": {
        "id": "37rHnuEttbGt"
      },
      "outputs": [],
      "source": [
        "import numpy as np\n",
        "\n",
        "# -------------------------\n",
        "# Función de sustitución hacia adelante\n",
        "# Resuelve Ly = b cuando L es una matriz triangular inferior\n",
        "def SustitucionDelante(Mat, b):\n",
        "    n = Mat.shape[0]\n",
        "    x = np.zeros(n)  # Vector solución inicializado en ceros\n",
        "    for i in range(n):\n",
        "        SumCum = 0.0  # Acumulador para la suma de términos conocidos\n",
        "        for j in range(i):\n",
        "            SumCum += Mat[i, j] * x[j]\n",
        "        x[i] = (b[i] - SumCum) / Mat[i, i]  # Se despeja x[i]\n",
        "    return x\n",
        "\n",
        "# -------------------------\n",
        "# Función de sustitución hacia atrás\n",
        "# Resuelve Ux = y cuando U es una matriz triangular superior\n",
        "def SustitucionAtras(Mat, b):\n",
        "    n = Mat.shape[0]\n",
        "    x = np.zeros(n)  # Vector solución inicializado en ceros\n",
        "    for i in range(n-1, -1, -1):  # Se recorre de abajo hacia arriba\n",
        "        SumCum = 0.0  # Acumulador para la suma de términos conocidos\n",
        "        for j in range(i+1, n):\n",
        "            SumCum += Mat[i, j] * x[j]\n",
        "        x[i] = (b[i] - SumCum) / Mat[i, i]  # Se despeja x[i]\n",
        "    return x\n",
        "\n",
        "# -------------------------\n",
        "# Descomposición LU sin pivoteo\n",
        "# Se obtiene L (matriz triangular inferior) y U (matriz triangular superior) tal que A = LU\n",
        "def LU(A):\n",
        "    U = np.copy(A)  # Copia de A que se transformará en U\n",
        "    L = np.eye(A.shape[0])  # Matriz identidad del mismo tamaño que A (será L)\n",
        "\n",
        "    for i in range(A.shape[0]):\n",
        "        Li = np.eye(A.shape[0])  # Matriz identidad temporal para eliminar debajo del pivote\n",
        "        for j in range(i+1, A.shape[0]):\n",
        "            # Se calculan los coeficientes para anular los elementos debajo del pivote\n",
        "            Li[j, i] = -U[j, i] / U[i, i]\n",
        "            L[j, i] = U[j, i] / U[i, i]\n",
        "        U = Li @ U  # Se actualiza U mediante la eliminación gaussiana\n",
        "    return L, U\n",
        "\n",
        "# -------------------------\n",
        "# Resolución del sistema Ax = b usando LU sin pivoteo\n",
        "def SolverLU(A, b):\n",
        "    L, U = LU(A)              # Descomposición LU\n",
        "    y = SustitucionDelante(L, b)  # Resolver Ly = b\n",
        "    x = SustitucionAtras(U, y)    # Resolver Ux = y\n",
        "    return x\n",
        "\n",
        "# -------------------------\n",
        "# Pivoteo parcial para evitar divisiones por ceros y mejorar estabilidad numérica\n",
        "def Permutaciones(A, b):\n",
        "    U = np.copy(A)\n",
        "    x = np.copy(b)\n",
        "    P = np.eye(A.shape[0])  # Matriz de permutación inicial\n",
        "\n",
        "    for j in range(A.shape[0]):\n",
        "        # Buscar el valor absoluto máximo en la columna j, desde la fila j hacia abajo\n",
        "        k = np.argmax(np.abs(U[j:, j])) + j\n",
        "        # Intercambiar filas en U, P y b\n",
        "        U[[j, k]] = U[[k, j]]\n",
        "        P[[j, k]] = P[[k, j]]\n",
        "        x[[j, k]] = x[[k, j]]\n",
        "    return P, U, x\n",
        "\n",
        "# -------------------------\n",
        "# Resolver el sistema Ax = b usando LU con pivoteo parcial\n",
        "def Solver_LU_Pivot_Partial(A, b):\n",
        "    P, Ap, bp = Permutaciones(A, b)  # Aplicar pivoteo parcial\n",
        "    x = SolverLU(Ap, bp)             # Resolver el sistema con la matriz permutada\n",
        "    print(\"Matriz de permutación P:\\n\", P)\n",
        "    print(\"\\nMatriz L y U \")\n",
        "    L, U = LU(Ap)\n",
        "    print(\"\\nL:\\n\", L)\n",
        "    print(\"\\nU:\\n\", U)\n",
        "    return x\n",
        "\n",
        "# -------------------------\n",
        "# Definición del sistema a resolver\n",
        "A = np.array([\n",
        "    [1,  0,  0,  0,  1],\n",
        "    [-1, 1,  0,  0,  1],\n",
        "    [-1, -1, 1,  0,  1],\n",
        "    [-1, -1, -1, 1,  1],\n",
        "    [-1, -1, -1, -1, 1]\n",
        "], dtype=float)\n",
        "\n",
        "b = np.ones(5)\n",
        "\n",
        "# Resolución del sistema con pivoteo parcial\n",
        "x = Solver_LU_Pivot_Partial(A, b)\n",
        "\n",
        "# Mostrar la solución del sistema\n",
        "print(\"\\nSolución es :\\n\", x)\n"
      ]
    },
    {
      "cell_type": "markdown",
      "source": [
        "(b) Usar Eliminación Gaussina con pivoteo parcial para resolver sistemas de varios tamaños\n",
        "(al menos 5) con vectores b elegidos por cualquier criterio. Describir como se comporta la condición de la matriz."
      ],
      "metadata": {
        "id": "0zm_ld7d5vIt"
      }
    },
    {
      "cell_type": "code",
      "source": [
        "import numpy as np\n",
        "\n",
        "# ----------------------------------------------------\n",
        "# Función de sustitución hacia adelante\n",
        "# Resuelve Ly = b cuando L es una matriz triangular inferior\n",
        "def SustitucionDelante(Mat, b):\n",
        "    n = Mat.shape[0]\n",
        "    x = np.zeros(n)  # Vector solución\n",
        "    for i in range(n):\n",
        "        SumCum = 0.0\n",
        "        for j in range(i):\n",
        "            SumCum += Mat[i, j] * x[j]\n",
        "        x[i] = (b[i] - SumCum) / Mat[i, i]\n",
        "    return x\n",
        "\n",
        "# ----------------------------------------------------\n",
        "# Función de sustitución hacia atrás\n",
        "# Resuelve Ux = y cuando U es una matriz triangular superior\n",
        "def SustitucionAtras(Mat, b):\n",
        "    n = Mat.shape[0]\n",
        "    x = np.zeros(n)  # Vector solución\n",
        "    for i in range(n-1, -1, -1):\n",
        "        SumCum = 0.0\n",
        "        for j in range(i+1, n):\n",
        "            SumCum += Mat[i, j] * x[j]\n",
        "        x[i] = (b[i] - SumCum) / Mat[i, i]\n",
        "    return x\n",
        "\n",
        "# ----------------------------------------------------\n",
        "# Descomposición LU sin pivoteo parcial\n",
        "# Retorna matrices L (inferior) y U (superior) tal que A = LU\n",
        "def LU(A):\n",
        "    n = A.shape[0]\n",
        "    U = np.copy(A)\n",
        "    L = np.eye(n)  # Matriz identidad como base para L\n",
        "\n",
        "    for i in range(n):\n",
        "        for j in range(i+1, n):\n",
        "            L[j, i] = U[j, i] / U[i, i]  # Factor multiplicador\n",
        "            U[j, :] = U[j, :] - L[j, i] * U[i, :]  # Eliminación gaussiana\n",
        "    return L, U\n",
        "\n",
        "# ----------------------------------------------------\n",
        "# Pivoteo parcial por filas\n",
        "# Reordena filas de A y b para evitar divisiones por cero o valores pequeños\n",
        "def Permutaciones(A, b):\n",
        "    U = np.copy(A)\n",
        "    x = np.copy(b)\n",
        "    P = np.eye(A.shape[0])  # Matriz de permutación\n",
        "\n",
        "    for j in range(A.shape[0]):\n",
        "        # Encuentra el índice del máximo valor absoluto en la columna j desde fila j hacia abajo\n",
        "        k = np.argmax(np.abs(U[j:, j])) + j\n",
        "        if k != j:\n",
        "            # Intercambio de filas en U, P y b\n",
        "            U[[j, k]] = U[[k, j]]\n",
        "            P[[j, k]] = P[[k, j]]\n",
        "            x[[j, k]] = x[[k, j]]\n",
        "    return P, U, x\n",
        "\n",
        "# ----------------------------------------------------\n",
        "# Solver completo que utiliza LU con pivoteo parcial\n",
        "# Retorna un diccionario con todas las matrices y la solución\n",
        "def Solver_LU_Pivot_Partial(A, b):\n",
        "    P, Ap, bp = Permutaciones(A, b)  # Ap = P @ A, bp = P @ b\n",
        "    L, U = LU(Ap)\n",
        "    y = SustitucionDelante(L, bp)\n",
        "    x = SustitucionAtras(U, y)\n",
        "\n",
        "    return {\n",
        "        'P': P,\n",
        "        'L': L,\n",
        "        'U': U,\n",
        "        'A_permutada': Ap,\n",
        "        'b_permutado': bp,\n",
        "        'x': x\n",
        "    }\n",
        "\n",
        "# ----------------------------------------------------\n",
        "# Prueba con matrices aleatorias de distintos tamaños\n",
        "# Calcula condición de la matriz y error numérico ||Ax - b||\n",
        "def prueb_cond():\n",
        "    tamaños = [5, 10, 15, 20, 25]  # Dimensiones a evaluar\n",
        "\n",
        "    for n in tamaños:\n",
        "        print(f\"\\n== Sistema {n}x{n} ==\")\n",
        "\n",
        "        # Se genera una matriz aleatoria de rango completo\n",
        "        while True:\n",
        "            A = np.random.randn(n, n)  # Matriz A con entradas normales estándar\n",
        "            if np.linalg.matrix_rank(A) == n:  # Asegurar que A es invertible\n",
        "                break\n",
        "\n",
        "        b = np.random.randn(n)  # Vector b aleatorio\n",
        "\n",
        "        try:\n",
        "            condicion = np.linalg.cond(A)  # Número de condición de A\n",
        "            resultado = Solver_LU_Pivot_Partial(A, b)\n",
        "\n",
        "            x = resultado['x']\n",
        "            L = resultado['L']\n",
        "            U = resultado['U']\n",
        "            Ap = resultado['A_permutada']\n",
        "            bp = resultado['b_permutado']\n",
        "\n",
        "            error = np.linalg.norm(A @ x - b)  # Error absoluto ||Ax - b||\n",
        "\n",
        "            # Impresión de resultados\n",
        "            print(f\"\\nMatriz A:\\n{A}\")\n",
        "            print(f\"\\nVector b:\\n{b}\")\n",
        "            print(f\"\\nMatriz A permutada (con pivoteo parcial):\\n{Ap}\")\n",
        "            print(f\"\\nVector b permutado:\\n{bp}\")\n",
        "            print(f\"\\nMatriz L:\\n{L}\")\n",
        "            print(f\"\\nMatriz U:\\n{U}\")\n",
        "            print(f\"\\nSolución x:\\n{x}\")\n",
        "            print(f\"\\nCondición de A: {condicion:.2e}\")\n",
        "            print(f\"Error ||Ax - b||: {error:.2e}\")\n",
        "        except Exception as e:\n",
        "            print(\" Error al resolver el sistema:\", e)\n",
        "\n",
        "# ----------------------------------------------------\n",
        "# Ejecutar pruebas\n",
        "prueb_cond()\n"
      ],
      "metadata": {
        "colab": {
          "base_uri": "https://localhost:8080/"
        },
        "collapsed": true,
        "id": "lRwrjLJt5xr8",
        "outputId": "0286594b-0635-4ebc-cc2e-05c839ba7297"
      },
      "execution_count": null,
      "outputs": [
        {
          "output_type": "stream",
          "name": "stdout",
          "text": [
            "\n",
            "== Sistema 5x5 ==\n",
            "\n",
            "Matriz A:\n",
            "[[ 0.64695445 -0.2814968   1.00769562  1.85749028  2.2249614 ]\n",
            " [ 0.72347492 -0.6149272  -2.22894072 -0.611215    0.58544496]\n",
            " [-0.03717334  0.44365919 -1.06563843  0.1183306  -0.6683037 ]\n",
            " [ 0.27987984 -0.43595836 -1.66444829 -1.83446886  0.0738751 ]\n",
            " [ 1.08567686 -0.7111806   1.11701308 -1.58150065  1.36929556]]\n",
            "\n",
            "Vector b:\n",
            "[ 0.47262346 -1.16256561  0.28484805 -1.16040557  0.30137303]\n",
            "\n",
            "Matriz A permutada (con pivoteo parcial):\n",
            "[[ 1.08567686 -0.7111806   1.11701308 -1.58150065  1.36929556]\n",
            " [ 0.72347492 -0.6149272  -2.22894072 -0.611215    0.58544496]\n",
            " [ 0.27987984 -0.43595836 -1.66444829 -1.83446886  0.0738751 ]\n",
            " [ 0.64695445 -0.2814968   1.00769562  1.85749028  2.2249614 ]\n",
            " [-0.03717334  0.44365919 -1.06563843  0.1183306  -0.6683037 ]]\n",
            "\n",
            "Vector b permutado:\n",
            "[ 0.30137303 -1.16256561 -1.16040557  0.47262346  0.28484805]\n",
            "\n",
            "Matriz L:\n",
            "[[ 1.          0.          0.          0.          0.        ]\n",
            " [ 0.66638145  1.          0.          0.          0.        ]\n",
            " [ 0.25779295  1.79151585  1.          0.          0.        ]\n",
            " [ 0.59589964 -1.00911865 -0.78781955  1.          0.        ]\n",
            " [-0.03423978 -2.97361592 -2.92470365 -3.41287938  1.        ]]\n",
            "\n",
            "Matriz U:\n",
            "[[ 1.08567686e+00 -7.11180597e-01  1.11701308e+00 -1.58150065e+00\n",
            "   1.36929556e+00]\n",
            " [ 1.11022302e-16 -1.41009643e-01 -2.97329751e+00  4.42667699e-01\n",
            "  -3.27028200e-01]\n",
            " [-1.98898215e-16  0.00000000e+00  3.37430323e+00 -2.21981534e+00\n",
            "   3.06756562e-01]\n",
            " [-4.46612253e-17  0.00000000e+00  0.00000000e+00  1.49779625e+00\n",
            "   1.32065723e+00]\n",
            " [-4.04004022e-16  0.00000000e+00  0.00000000e+00  0.00000000e+00\n",
            "   3.81054029e+00]]\n",
            "\n",
            "Solución x:\n",
            "[ 1.13004901  1.45302808  0.42022809  0.07104664 -0.18196921]\n",
            "\n",
            "Condición de A: 1.63e+01\n",
            "Error ||Ax - b||: 1.07e-15\n",
            "\n",
            "== Sistema 10x10 ==\n",
            "\n",
            "Matriz A:\n",
            "[[ 0.41889517  1.37584621 -0.87659037  0.82038543 -0.25204931  0.92154435\n",
            "   0.38484315  0.20228034  1.17660507 -0.11866676]\n",
            " [-1.65238477  0.73553492 -0.37545581 -1.06035941 -0.02956531 -0.20995374\n",
            "   1.44726947 -0.14700366  0.16166662  0.64823092]\n",
            " [-0.20253688  0.42268686 -1.13148823 -1.75122538  2.05078302 -1.40168654\n",
            "  -0.23275254  0.46336963 -1.20012142 -2.6837977 ]\n",
            " [ 3.20433075 -0.23285309 -0.09134219 -0.20906114 -1.0187064  -0.71382179\n",
            "   0.23184166  0.87390148  0.90150237 -1.00691495]\n",
            " [ 1.9407695  -1.55429295 -0.01286348  1.6569181   0.12001515 -1.01926414\n",
            "  -0.00932205 -0.66894325 -0.54386698  0.89586277]\n",
            " [-0.6315261  -1.50803478  1.61664133  0.48834765  0.78608383 -1.27525709\n",
            "  -1.45485235  1.33754115 -0.38223086 -0.39104241]\n",
            " [ 1.58286792  0.05057678 -0.05771842  0.87305319 -0.85816433 -0.16901482\n",
            "  -0.59099078  1.37227003  0.54927634 -0.4634749 ]\n",
            " [ 1.8208199   0.88290241 -0.07609529  0.26563677  0.56438494  1.74597632\n",
            "   0.84654145  1.05187071  0.87906074  0.03784694]\n",
            " [-0.86958062  0.66112789 -2.37956953  0.63111216  1.63590169 -1.66363363\n",
            "  -0.8780922  -0.36036202  0.16012858  0.23907428]\n",
            " [ 1.19774841  0.50583992  1.65979329 -0.78214696  2.08067423 -0.14065369\n",
            "   0.08021688  0.66371656 -0.39457364  2.19098125]]\n",
            "\n",
            "Vector b:\n",
            "[ 0.34931841  0.42715708  1.27090581  0.55588639 -0.27263229  0.5434885\n",
            "  0.77115425 -1.21928679 -0.30056572  1.356549  ]\n",
            "\n",
            "Matriz A permutada (con pivoteo parcial):\n",
            "[[ 3.20433075 -0.23285309 -0.09134219 -0.20906114 -1.0187064  -0.71382179\n",
            "   0.23184166  0.87390148  0.90150237 -1.00691495]\n",
            " [ 1.9407695  -1.55429295 -0.01286348  1.6569181   0.12001515 -1.01926414\n",
            "  -0.00932205 -0.66894325 -0.54386698  0.89586277]\n",
            " [-0.86958062  0.66112789 -2.37956953  0.63111216  1.63590169 -1.66363363\n",
            "  -0.8780922  -0.36036202  0.16012858  0.23907428]\n",
            " [-0.20253688  0.42268686 -1.13148823 -1.75122538  2.05078302 -1.40168654\n",
            "  -0.23275254  0.46336963 -1.20012142 -2.6837977 ]\n",
            " [ 1.19774841  0.50583992  1.65979329 -0.78214696  2.08067423 -0.14065369\n",
            "   0.08021688  0.66371656 -0.39457364  2.19098125]\n",
            " [ 1.8208199   0.88290241 -0.07609529  0.26563677  0.56438494  1.74597632\n",
            "   0.84654145  1.05187071  0.87906074  0.03784694]\n",
            " [-0.6315261  -1.50803478  1.61664133  0.48834765  0.78608383 -1.27525709\n",
            "  -1.45485235  1.33754115 -0.38223086 -0.39104241]\n",
            " [ 1.58286792  0.05057678 -0.05771842  0.87305319 -0.85816433 -0.16901482\n",
            "  -0.59099078  1.37227003  0.54927634 -0.4634749 ]\n",
            " [ 0.41889517  1.37584621 -0.87659037  0.82038543 -0.25204931  0.92154435\n",
            "   0.38484315  0.20228034  1.17660507 -0.11866676]\n",
            " [-1.65238477  0.73553492 -0.37545581 -1.06035941 -0.02956531 -0.20995374\n",
            "   1.44726947 -0.14700366  0.16166662  0.64823092]]\n",
            "\n",
            "Vector b permutado:\n",
            "[ 0.55588639 -0.27263229 -0.30056572  1.27090581  1.356549   -1.21928679\n",
            "  0.5434885   0.77115425  0.34931841  0.42715708]\n",
            "\n",
            "Matriz L:\n",
            "[[ 1.00000000e+00  0.00000000e+00  0.00000000e+00  0.00000000e+00\n",
            "   0.00000000e+00  0.00000000e+00  0.00000000e+00  0.00000000e+00\n",
            "   0.00000000e+00  0.00000000e+00]\n",
            " [ 6.05670779e-01  1.00000000e+00  0.00000000e+00  0.00000000e+00\n",
            "   0.00000000e+00  0.00000000e+00  0.00000000e+00  0.00000000e+00\n",
            "   0.00000000e+00  0.00000000e+00]\n",
            " [-2.71376674e-01 -4.23090392e-01  1.00000000e+00  0.00000000e+00\n",
            "   0.00000000e+00  0.00000000e+00  0.00000000e+00  0.00000000e+00\n",
            "   0.00000000e+00  0.00000000e+00]\n",
            " [-6.32072325e-02 -2.88672062e-01  4.71424696e-01  1.00000000e+00\n",
            "   0.00000000e+00  0.00000000e+00  0.00000000e+00  0.00000000e+00\n",
            "   0.00000000e+00  0.00000000e+00]\n",
            " [ 3.73790505e-01 -4.19510865e-01 -7.17295202e-01 -5.31679850e-01\n",
            "   1.00000000e+00  0.00000000e+00  0.00000000e+00  0.00000000e+00\n",
            "   0.00000000e+00  0.00000000e+00]\n",
            " [ 5.68237190e-01 -7.18351710e-01 -2.64408316e-03 -8.89697707e-01\n",
            "   6.21365656e-01  1.00000000e+00  0.00000000e+00  0.00000000e+00\n",
            "   0.00000000e+00  0.00000000e+00]\n",
            " [-1.97085180e-01  1.09953298e+00 -6.50334188e-01  3.46271446e-01\n",
            "   7.90591541e-02 -7.40540422e-01  1.00000000e+00  0.00000000e+00\n",
            "   0.00000000e+00  0.00000000e+00]\n",
            " [ 4.93977694e-01 -1.17176558e-01  3.19399122e-03 -6.29536317e-01\n",
            "   1.30201446e-01 -6.51285843e-03  5.43400578e-01  1.00000000e+00\n",
            "   0.00000000e+00  0.00000000e+00]\n",
            " [ 1.30727820e-01 -9.95065281e-01  3.44620106e-01 -1.15370706e+00\n",
            "   3.53139279e-01  4.73023775e-01 -3.75728997e-01 -2.51221549e+00\n",
            "   1.00000000e+00  0.00000000e+00]\n",
            " [-5.15672348e-01 -4.35488688e-01  1.69321494e-01  3.28597198e-01\n",
            "  -2.07773059e-01 -2.84610873e-01 -1.81586631e+00 -1.89811765e+01\n",
            "   6.36560376e+00  1.00000000e+00]]\n",
            "\n",
            "Matriz U:\n",
            "[[ 3.20433075e+00 -2.32853090e-01 -9.13421903e-02 -2.09061144e-01\n",
            "  -1.01870640e+00 -7.13821794e-01  2.31841659e-01  8.73901477e-01\n",
            "   9.01502373e-01 -1.00691495e+00]\n",
            " [ 0.00000000e+00 -1.41326063e+00  4.24598135e-02  1.78354033e+00\n",
            "   7.37015844e-01 -5.86923136e-01 -1.49741772e-01 -1.19823984e+00\n",
            "  -1.08988062e+00  1.50572173e+00]\n",
            " [-1.11022302e-16  0.00000000e+00 -2.38639333e+00  1.32897662e+00\n",
            "   1.67127286e+00 -2.10566975e+00 -8.78530085e-01 -6.30169305e-01\n",
            "  -5.63427268e-02  6.02877452e-01]\n",
            " [ 5.23386552e-17  0.00000000e+00  0.00000000e+00 -1.87609369e+00\n",
            "   1.41126999e+00 -6.23568825e-01  1.52836045e-01  4.69785532e-01\n",
            "  -1.43119669e+00 -2.59699352e+00]\n",
            " [-5.18083565e-17  0.00000000e+00 -2.22044605e-16  0.00000000e+00\n",
            "   4.71978298e+00 -1.96198031e+00 -6.18167199e-01 -3.67856060e-01\n",
            "  -1.99011623e+00  2.25069510e+00]\n",
            " [ 7.84639627e-17  0.00000000e+00  1.37970892e-16  0.00000000e+00\n",
            "  -4.44089210e-16  2.38873103e+00  1.12499598e+00  3.39403763e-01\n",
            "  -4.53015550e-01 -2.01579853e+00]\n",
            " [-2.81233198e-17  0.00000000e+00  1.19727681e-16  0.00000000e+00\n",
            "  -3.28866011e-16  0.00000000e+00 -9.86797914e-01  2.53520904e+00\n",
            "   1.27460311e+00 -2.62446295e+00]\n",
            " [ 5.58424643e-17  0.00000000e+00 -3.43836158e-17  0.00000000e+00\n",
            "   1.75813690e-16  0.00000000e+00  0.00000000e+00 -2.29591794e-01\n",
            "  -1.36101900e+00 -3.06511092e-01]\n",
            " [ 1.54034645e-16  0.00000000e+00 -2.82447311e-17  0.00000000e+00\n",
            "   5.28182134e-16  0.00000000e+00  0.00000000e+00  0.00000000e+00\n",
            "  -3.68070594e+00 -3.29007395e+00]\n",
            " [ 4.15314082e-17  0.00000000e+00 -2.62304122e-16  0.00000000e+00\n",
            "  -7.48616822e-16  0.00000000e+00  0.00000000e+00  0.00000000e+00\n",
            "   0.00000000e+00  1.17896100e+01]]\n",
            "\n",
            "Solución x:\n",
            "[ 0.10083861  2.15526134  1.37033012  0.80795662 -0.43347356 -1.40475388\n",
            "  0.35505889 -0.17448646 -0.92977612 -0.48935849]\n",
            "\n",
            "Condición de A: 1.29e+01\n",
            "Error ||Ax - b||: 1.18e-15\n",
            "\n",
            "== Sistema 15x15 ==\n",
            "\n",
            "Matriz A:\n",
            "[[ 1.36420211 -0.20626684 -0.72602473  0.12395735 -0.61943616 -0.49602022\n",
            "  -1.18814256  1.86235232 -1.65001323  0.07696252  1.40815848  0.37638955\n",
            "  -0.40958517  0.37922149 -0.00655892]\n",
            " [-0.6461697   2.15538861  0.65337836  0.03898327 -0.62098952 -0.32580742\n",
            "   0.78037718  1.58146911  0.16175143 -0.9299848   0.32649962 -0.69059285\n",
            "   0.89720929  0.14574281  0.17415859]\n",
            " [ 0.68629985 -0.16562367 -0.25246098  0.07493704  0.0730671   0.66203682\n",
            "  -0.23156438  0.08020993 -0.99495175 -0.14747688 -0.88618652 -0.06992826\n",
            "   0.75841921 -0.22036643 -0.57609748]\n",
            " [ 1.2641724  -0.27807988  1.02250281 -0.57869644  0.68041023  1.88173833\n",
            "  -0.30781498 -0.21261021 -0.70983648  0.92764426  1.61759688  2.9429332\n",
            "   0.30729288 -0.17931941 -0.35086616]\n",
            " [-0.12312151 -0.48204964 -0.06212789  0.91918138  0.82166744  0.40694139\n",
            "  -1.58511643  0.12203664  0.61465978  0.13402682 -1.20643026  0.97063251\n",
            "  -2.14507438 -0.03660219  1.06625414]\n",
            " [-1.65718361 -1.30774459  1.48141239 -0.0230983  -1.06183149  0.27048302\n",
            "  -1.85266262  0.44123324 -0.50024406  0.10444676  0.04210144  0.29375809\n",
            "   1.04906495  0.37846981 -0.27187427]\n",
            " [-0.14876696  0.41518107 -3.37208398 -1.0781352  -0.77497144  2.13820585\n",
            "   0.8730008  -0.76358968 -1.28878542  1.6335991   0.87474775 -0.56969736\n",
            "  -1.45515581  0.78507389  0.18713352]\n",
            " [ 0.54085626 -0.44728724 -1.36881855  0.29793509  0.73101777  0.95370785\n",
            "  -0.15043814 -0.4652327  -0.52637258  0.5620811   0.35204485  0.88721138\n",
            "   0.21844743  0.7060616   0.42530038]\n",
            " [ 0.54283596 -0.7385416  -0.93413878  0.52596073  0.40276707 -1.00237083\n",
            "  -0.62875834 -0.35016869  0.697699    1.01169686 -0.15347778 -0.28885461\n",
            "   0.00730144  0.70079705 -0.31469343]\n",
            " [ 0.36556886 -1.32276     0.62685187 -1.13129507 -2.10287358 -0.89877957\n",
            "  -0.47841856 -0.28312275  1.25822958 -2.7519461   0.57594391 -0.75561162\n",
            "  -0.02971015  0.87227544  0.12081202]\n",
            " [-1.86770538 -2.33606873 -1.71049837 -0.94480651  1.78420556  0.22260849\n",
            "  -0.54666439  0.36528608  0.03636017  0.23455349  1.26656253 -2.29586549\n",
            "  -1.02794041  1.21731632  1.27218426]\n",
            " [-1.68872035 -0.47251464 -1.57774884  0.03187462 -0.44816904  0.35328484\n",
            "   0.63631943  0.65344818 -0.22519913  0.0081677   0.0448379  -0.22411149\n",
            "  -0.82794175 -0.38823486 -1.79456628]\n",
            " [ 0.50201763  0.40497977 -0.03143279 -0.20421765  0.58102644 -1.38618301\n",
            "  -0.54735824  2.60577229  0.61610016  1.41050839 -0.79339102  1.81133095\n",
            "  -0.36943494 -0.27716713  1.79002281]\n",
            " [-0.13376896  0.78662394  0.78996494  0.95500243 -1.44236382 -0.41989504\n",
            "   1.23781573 -0.76801552 -0.00366557 -0.64132243 -1.17674056 -0.03200128\n",
            "  -0.13233738 -1.5982815  -0.43905136]\n",
            " [-0.87086743  0.76071428 -0.48888682  0.30435047  0.68713182 -0.60812064\n",
            "  -0.56435481  1.59423715 -1.10510534  0.63623892 -0.1259754  -0.85994523\n",
            "  -0.38869085 -1.10495291  1.85137714]]\n",
            "\n",
            "Vector b:\n",
            "[-0.25301241  0.02659753 -0.79088912 -1.58031296  0.02238353 -0.26885352\n",
            " -2.15680462  0.1765759  -1.98291719 -0.70999645  0.96363272  0.32001087\n",
            "  0.76074289  0.855309   -0.56024263]\n",
            "\n",
            "Matriz A permutada (con pivoteo parcial):\n",
            "[[-1.86770538 -2.33606873 -1.71049837 -0.94480651  1.78420556  0.22260849\n",
            "  -0.54666439  0.36528608  0.03636017  0.23455349  1.26656253 -2.29586549\n",
            "  -1.02794041  1.21731632  1.27218426]\n",
            " [-0.6461697   2.15538861  0.65337836  0.03898327 -0.62098952 -0.32580742\n",
            "   0.78037718  1.58146911  0.16175143 -0.9299848   0.32649962 -0.69059285\n",
            "   0.89720929  0.14574281  0.17415859]\n",
            " [-0.14876696  0.41518107 -3.37208398 -1.0781352  -0.77497144  2.13820585\n",
            "   0.8730008  -0.76358968 -1.28878542  1.6335991   0.87474775 -0.56969736\n",
            "  -1.45515581  0.78507389  0.18713352]\n",
            " [ 0.36556886 -1.32276     0.62685187 -1.13129507 -2.10287358 -0.89877957\n",
            "  -0.47841856 -0.28312275  1.25822958 -2.7519461   0.57594391 -0.75561162\n",
            "  -0.02971015  0.87227544  0.12081202]\n",
            " [-0.13376896  0.78662394  0.78996494  0.95500243 -1.44236382 -0.41989504\n",
            "   1.23781573 -0.76801552 -0.00366557 -0.64132243 -1.17674056 -0.03200128\n",
            "  -0.13233738 -1.5982815  -0.43905136]\n",
            " [ 1.2641724  -0.27807988  1.02250281 -0.57869644  0.68041023  1.88173833\n",
            "  -0.30781498 -0.21261021 -0.70983648  0.92764426  1.61759688  2.9429332\n",
            "   0.30729288 -0.17931941 -0.35086616]\n",
            " [-1.65718361 -1.30774459  1.48141239 -0.0230983  -1.06183149  0.27048302\n",
            "  -1.85266262  0.44123324 -0.50024406  0.10444676  0.04210144  0.29375809\n",
            "   1.04906495  0.37846981 -0.27187427]\n",
            " [ 0.50201763  0.40497977 -0.03143279 -0.20421765  0.58102644 -1.38618301\n",
            "  -0.54735824  2.60577229  0.61610016  1.41050839 -0.79339102  1.81133095\n",
            "  -0.36943494 -0.27716713  1.79002281]\n",
            " [ 1.36420211 -0.20626684 -0.72602473  0.12395735 -0.61943616 -0.49602022\n",
            "  -1.18814256  1.86235232 -1.65001323  0.07696252  1.40815848  0.37638955\n",
            "  -0.40958517  0.37922149 -0.00655892]\n",
            " [ 0.54283596 -0.7385416  -0.93413878  0.52596073  0.40276707 -1.00237083\n",
            "  -0.62875834 -0.35016869  0.697699    1.01169686 -0.15347778 -0.28885461\n",
            "   0.00730144  0.70079705 -0.31469343]\n",
            " [-0.12312151 -0.48204964 -0.06212789  0.91918138  0.82166744  0.40694139\n",
            "  -1.58511643  0.12203664  0.61465978  0.13402682 -1.20643026  0.97063251\n",
            "  -2.14507438 -0.03660219  1.06625414]\n",
            " [ 0.54085626 -0.44728724 -1.36881855  0.29793509  0.73101777  0.95370785\n",
            "  -0.15043814 -0.4652327  -0.52637258  0.5620811   0.35204485  0.88721138\n",
            "   0.21844743  0.7060616   0.42530038]\n",
            " [-1.68872035 -0.47251464 -1.57774884  0.03187462 -0.44816904  0.35328484\n",
            "   0.63631943  0.65344818 -0.22519913  0.0081677   0.0448379  -0.22411149\n",
            "  -0.82794175 -0.38823486 -1.79456628]\n",
            " [-0.87086743  0.76071428 -0.48888682  0.30435047  0.68713182 -0.60812064\n",
            "  -0.56435481  1.59423715 -1.10510534  0.63623892 -0.1259754  -0.85994523\n",
            "  -0.38869085 -1.10495291  1.85137714]\n",
            " [ 0.68629985 -0.16562367 -0.25246098  0.07493704  0.0730671   0.66203682\n",
            "  -0.23156438  0.08020993 -0.99495175 -0.14747688 -0.88618652 -0.06992826\n",
            "   0.75841921 -0.22036643 -0.57609748]]\n",
            "\n",
            "Vector b permutado:\n",
            "[ 0.96363272  0.02659753 -2.15680462 -0.70999645  0.855309   -1.58031296\n",
            " -0.26885352  0.76074289 -0.25301241 -1.98291719  0.02238353  0.1765759\n",
            "  0.32001087 -0.56024263 -0.79088912]\n",
            "\n",
            "Matriz L:\n",
            "[[ 1.          0.          0.          0.          0.          0.\n",
            "   0.          0.          0.          0.          0.          0.\n",
            "   0.          0.          0.        ]\n",
            " [ 0.34596983  1.          0.          0.          0.          0.\n",
            "   0.          0.          0.          0.          0.          0.\n",
            "   0.          0.          0.        ]\n",
            " [ 0.07965226  0.20287983  1.          0.          0.          0.\n",
            "   0.          0.          0.          0.          0.          0.\n",
            "   0.          0.          0.        ]\n",
            " [-0.19573155 -0.60062208 -0.29810418  1.          0.          0.\n",
            "   0.          0.          0.          0.          0.          0.\n",
            "   0.          0.          0.        ]\n",
            " [ 0.07162209  0.32188512 -0.14667695 -0.52690207  1.          0.\n",
            "   0.          0.          0.          0.          0.          0.\n",
            "   0.          0.          0.        ]\n",
            " [-0.67685857 -0.62736852 -0.18515667  0.83812564 -1.20734833  1.\n",
            "   0.          0.          0.          0.          0.          0.\n",
            "   0.          0.          0.        ]\n",
            " [ 0.8872832   0.25813554 -0.76758559  0.07477446  0.97959243  0.91921681\n",
            "   1.          0.          0.          0.          0.          0.\n",
            "   0.          0.          0.        ]\n",
            " [-0.26878845 -0.07522225  0.11395621  0.21720776 -0.60560602 -0.71504886\n",
            "  -0.26277901  1.          0.          0.          0.          0.\n",
            "   0.          0.          0.        ]\n",
            " [-0.73041612 -0.64535378  0.33591707 -0.02241929 -0.01780497 -0.58641222\n",
            "   0.11826555  1.63240984  1.          0.          0.          0.\n",
            "   0.          0.          0.        ]\n",
            " [-0.29064325 -0.47830518  0.23956655 -0.48279006  0.30224934 -0.78613558\n",
            "  -0.08154501  0.31669971 -0.45653006  1.          0.          0.\n",
            "   0.          0.          0.        ]\n",
            " [ 0.06592127 -0.11069417 -0.05402452 -0.67987622  0.48401483  0.11811506\n",
            "   0.57636023  0.33248168 -1.59777907  4.44668179  1.          0.\n",
            "   0.          0.          0.        ]\n",
            " [-0.28958329 -0.37919237  0.39902902 -0.4182235   0.03109209 -0.08312491\n",
            "   0.01958021  0.42524175 -0.48135923  2.01994167  0.43983761  1.\n",
            "   0.          0.          0.        ]\n",
            " [ 0.90416849  0.55327516  0.20641958 -0.63915993  1.10121332 -0.05407735\n",
            "   0.18853509  0.65269963 -0.52210355  1.85346227  0.41010429  1.73804447\n",
            "   1.          0.          0.        ]\n",
            " [ 0.46627666  0.62423064  0.13432527 -0.46642784  0.20070067 -0.39994879\n",
            "   0.18124382  0.28103434  0.84547135 -1.36224149 -0.22427081  0.68350097\n",
            "   1.25803712  1.          0.        ]\n",
            " [-0.36745616 -0.34553491  0.12921135  0.00468913 -0.14852851  0.12634122\n",
            "   0.05276378  0.45420479  0.30763157  0.36247988  0.33792747 -1.95184783\n",
            "  -3.15941078  3.2019089   1.        ]]\n",
            "\n",
            "Matriz U:\n",
            "[[-1.86770538e+00 -2.33606873e+00 -1.71049837e+00 -9.44806509e-01\n",
            "   1.78420556e+00  2.22608489e-01 -5.46664391e-01  3.65286080e-01\n",
            "   3.63601718e-02  2.34553486e-01  1.26656253e+00 -2.29586549e+00\n",
            "  -1.02794041e+00  1.21731632e+00  1.27218426e+00]\n",
            " [ 0.00000000e+00  2.96359790e+00  1.24515918e+00  3.65857816e-01\n",
            "  -1.23827081e+00 -4.02823242e-01  9.69506561e-01  1.45509115e+00\n",
            "   1.49171903e-01 -1.01113323e+00 -1.11692801e-01  1.03707337e-01\n",
            "   1.25284566e+00 -2.75411904e-01 -2.65978778e-01]\n",
            " [ 0.00000000e+00  0.00000000e+00 -3.48845660e+00 -1.07710439e+00\n",
            "  -6.65867281e-01  2.20219929e+00  7.19850534e-01 -1.08789418e+00\n",
            "  -1.32194556e+00  1.82005492e+00  7.96523395e-01 -4.07866607e-01\n",
            "  -1.62745514e+00  7.43987412e-01  1.39762896e-01]\n",
            " [ 0.00000000e+00  2.22044605e-16  0.00000000e+00 -1.41757055e+00\n",
            "  -2.69587888e+00 -4.40667790e-01  2.11479472e-01  3.38029339e-01\n",
            "   9.60864857e-01 -2.77077956e+00  9.94211944e-01 -1.26428275e+00\n",
            "   3.64250805e-02  1.16690993e+00  2.51729786e-01]\n",
            " [ 0.00000000e+00  1.16995763e-16  0.00000000e+00  0.00000000e+00\n",
            "  -2.68970296e+00 -2.15352802e-01  1.18191370e+00 -1.24401090e+00\n",
            "   2.58096762e-01 -1.52562229e+00 -5.90818205e-01 -6.26926281e-01\n",
            "  -6.81504226e-01 -8.72844177e-01 -2.91416299e-01]\n",
            " [ 0.00000000e+00 -4.48466370e-17  0.00000000e+00  0.00000000e+00\n",
            "   0.00000000e+00  2.29677518e+00  1.31342873e+00 -1.03918121e+00\n",
            "  -1.33011984e+00  1.26934980e+00  1.00569177e+00  1.68120984e+00\n",
            "  -7.57157420e-01 -1.42224303e+00 -1.93588189e-01]\n",
            " [ 0.00000000e+00  2.10346565e-17  0.00000000e+00  0.00000000e+00\n",
            "   0.00000000e+00  0.00000000e+00 -3.44626643e+00  1.05503893e+00\n",
            "  -6.87728036e-01  2.08925266e+00 -8.61495863e-01  1.15426984e+00\n",
            "   1.74938864e+00  2.01565931e+00 -7.80127676e-01]\n",
            " [ 0.00000000e+00 -3.91654440e-18  0.00000000e+00  0.00000000e+00\n",
            "   0.00000000e+00  0.00000000e+00 -1.11022302e-16  1.64475817e+00\n",
            "  -3.96485211e-01  2.32465504e+00 -6.33142116e-01  2.64891563e+00\n",
            "  -8.68369744e-01 -1.32482754e+00  1.52144954e+00]\n",
            " [ 0.00000000e+00 -1.53316973e-17  0.00000000e+00  0.00000000e+00\n",
            "   0.00000000e+00  0.00000000e+00  1.81233899e-16  0.00000000e+00\n",
            "  -1.10842277e+00 -4.40243870e+00  3.73058166e+00 -4.61086134e+00\n",
            "   9.50128238e-01  1.94159085e+00 -1.80036870e+00]\n",
            " [ 0.00000000e+00  3.25397570e-17  0.00000000e+00  0.00000000e+00\n",
            "   0.00000000e+00  0.00000000e+00  1.17899455e-16  0.00000000e+00\n",
            "   0.00000000e+00 -2.29418679e+00  3.25296452e+00 -2.75783637e+00\n",
            "   1.17743383e+00  1.92408369e+00 -1.41559733e+00]\n",
            " [-1.38777878e-17 -8.03797447e-17  0.00000000e+00 -1.11022302e-16\n",
            "   0.00000000e+00  0.00000000e+00  2.42678593e-17  0.00000000e+00\n",
            "   0.00000000e+00  0.00000000e+00 -8.21334982e+00  3.70682538e+00\n",
            "  -6.01963616e+00 -4.89814963e+00  4.65745895e+00]\n",
            " [ 6.10397301e-18  4.89979415e-17  0.00000000e+00  4.88317841e-17\n",
            "   0.00000000e+00  0.00000000e+00 -1.14374011e-16  0.00000000e+00\n",
            "   0.00000000e+00  0.00000000e+00  0.00000000e+00  6.26689233e-01\n",
            "   2.08041039e+00  7.80574512e-01  4.78906996e-02]\n",
            " [-4.91763628e-18  1.10782227e-16  0.00000000e+00 -3.93410903e-17\n",
            "   0.00000000e+00  0.00000000e+00  1.37399651e-16  0.00000000e+00\n",
            "   0.00000000e+00  0.00000000e+00  0.00000000e+00  0.00000000e+00\n",
            "  -2.11938984e+00 -1.27570451e+00 -3.51065799e+00]\n",
            " [-1.09788527e-18 -2.96201630e-16  0.00000000e+00 -8.78308217e-18\n",
            "   0.00000000e+00  0.00000000e+00 -5.06560022e-17  0.00000000e+00\n",
            "   0.00000000e+00  0.00000000e+00  0.00000000e+00  0.00000000e+00\n",
            "   0.00000000e+00 -4.90587938e-01  6.23984691e+00]\n",
            " [ 4.58220775e-18  1.43680879e-15  0.00000000e+00  3.66576620e-17\n",
            "   0.00000000e+00  0.00000000e+00  3.16793814e-16  0.00000000e+00\n",
            "   0.00000000e+00  0.00000000e+00  0.00000000e+00  0.00000000e+00\n",
            "   0.00000000e+00  0.00000000e+00 -3.23729467e+01]]\n",
            "\n",
            "Solución x:\n",
